<!DOCTYPE html>
<!-- Generated by pkgdown: do not edit by hand --><html lang="en">
<head>
<meta http-equiv="Content-Type" content="text/html; charset=UTF-8">
<meta charset="utf-8">
<meta http-equiv="X-UA-Compatible" content="IE=edge">
<meta name="viewport" content="width=device-width, initial-scale=1.0">
<title>Probabilistic Sensitivity Analysis • learnCEA</title>
<!-- jquery --><script src="https://cdnjs.cloudflare.com/ajax/libs/jquery/3.3.1/jquery.min.js" integrity="sha256-FgpCb/KJQlLNfOu91ta32o/NMZxltwRo8QtmkMRdAu8=" crossorigin="anonymous"></script><!-- Bootstrap --><link href="https://cdnjs.cloudflare.com/ajax/libs/bootswatch/3.3.7/simplex/bootstrap.min.css" rel="stylesheet" crossorigin="anonymous">
<script src="https://cdnjs.cloudflare.com/ajax/libs/twitter-bootstrap/3.3.7/js/bootstrap.min.js" integrity="sha256-U5ZEeKfGNOja007MMD3YBI0A3OSZOQbeG6z2f2Y0hu8=" crossorigin="anonymous"></script><!-- Font Awesome icons --><link rel="stylesheet" href="https://cdnjs.cloudflare.com/ajax/libs/font-awesome/5.7.1/css/all.min.css" integrity="sha256-nAmazAk6vS34Xqo0BSrTb+abbtFlgsFK7NKSi6o7Y78=" crossorigin="anonymous">
<link rel="stylesheet" href="https://cdnjs.cloudflare.com/ajax/libs/font-awesome/5.7.1/css/v4-shims.min.css" integrity="sha256-6qHlizsOWFskGlwVOKuns+D1nB6ssZrHQrNj1wGplHc=" crossorigin="anonymous">
<!-- clipboard.js --><script src="https://cdnjs.cloudflare.com/ajax/libs/clipboard.js/2.0.4/clipboard.min.js" integrity="sha256-FiZwavyI2V6+EXO1U+xzLG3IKldpiTFf3153ea9zikQ=" crossorigin="anonymous"></script><!-- headroom.js --><script src="https://cdnjs.cloudflare.com/ajax/libs/headroom/0.9.4/headroom.min.js" integrity="sha256-DJFC1kqIhelURkuza0AvYal5RxMtpzLjFhsnVIeuk+U=" crossorigin="anonymous"></script><script src="https://cdnjs.cloudflare.com/ajax/libs/headroom/0.9.4/jQuery.headroom.min.js" integrity="sha256-ZX/yNShbjqsohH1k95liqY9Gd8uOiE1S4vZc+9KQ1K4=" crossorigin="anonymous"></script><!-- pkgdown --><link href="../pkgdown.css" rel="stylesheet">
<script src="../pkgdown.js"></script><meta property="og:title" content="Probabilistic Sensitivity Analysis">
<meta property="og:description" content="">
<meta name="twitter:card" content="summary">
<!-- mathjax --><script src="https://cdnjs.cloudflare.com/ajax/libs/mathjax/2.7.5/MathJax.js" integrity="sha256-nvJJv9wWKEm88qvoQl9ekL2J+k/RWIsaSScxxlsrv8k=" crossorigin="anonymous"></script><script src="https://cdnjs.cloudflare.com/ajax/libs/mathjax/2.7.5/config/TeX-AMS-MML_HTMLorMML.js" integrity="sha256-84DKXVJXs0/F8OTMzX4UR909+jtl4G7SPypPavF+GfA=" crossorigin="anonymous"></script><!--[if lt IE 9]>
<script src="https://oss.maxcdn.com/html5shiv/3.7.3/html5shiv.min.js"></script>
<script src="https://oss.maxcdn.com/respond/1.4.2/respond.min.js"></script>
<![endif]-->
</head>
<body>
    <div class="container template-article">
      <header><div class="navbar navbar-default navbar-fixed-top" role="navigation">
  <div class="container">
    <div class="navbar-header">
      <button type="button" class="navbar-toggle collapsed" data-toggle="collapse" data-target="#navbar" aria-expanded="false">
        <span class="sr-only">Toggle navigation</span>
        <span class="icon-bar"></span>
        <span class="icon-bar"></span>
        <span class="icon-bar"></span>
      </button>
      <span class="navbar-brand">
        <a class="navbar-link" href="../index.html">learnCEA</a>
        <span class="version label label-danger" data-toggle="tooltip" data-placement="bottom" title="Unreleased version">0.0.0.9000</span>
      </span>
    </div>

    <div id="navbar" class="navbar-collapse collapse">
      <ul class="nav navbar-nav">
<li class="dropdown">
  <a href="#" class="dropdown-toggle" data-toggle="dropdown" role="button" aria-expanded="false">
    Tutorials
     
    <span class="caret"></span>
  </a>
  <ul class="dropdown-menu" role="menu">
<li>
      <a href="../articles/simple-markov-cohort-model.html">Simple Markov Cohort Model</a>
    </li>
    <li>
      <a href="../articles/simple-markov-cohort-models-hesim.html">Simple Markov Cohort Models (HESIM)</a>
    </li>
    <li>
      <a href="../articles/probabilistic-sensitivity-analysis.html">Probabilistic Sensitivity Analysis</a>
    </li>
    <li>
      <a href="../articles/partitioned-survival-model.html">Partitioned Survival Model</a>
    </li>
    <li>
      <a href="../articles/individual-patient-simulation.html">Individual Patient Simulation</a>
    </li>
    <li>
      <a href="../articles/decision-analysis.html">Decision Analysis</a>
    </li>
  </ul>
</li>
      </ul>
<ul class="nav navbar-nav navbar-right">
<li>
  <a href="https://github.com/hesim-dev/ispor-short-course">
    <span class="fab fa fab fa-github fa-lg"></span>
     
  </a>
</li>
      </ul>
</div>
<!--/.nav-collapse -->
  </div>
<!--/.container -->
</div>
<!--/.navbar -->

      

      </header><div class="row">
  <div class="col-md-9 contents">
    <div class="page-header toc-ignore">
      <h1>Probabilistic Sensitivity Analysis</h1>
            
            <h4 class="date">2020-03-08</h4>
      
      <small class="dont-index">Source: <a href="https://github.com/hesim-dev/ispor-short-course/blob/master/vignettes/probabilistic-sensitivity-analysis.Rmd"><code>vignettes/probabilistic-sensitivity-analysis.Rmd</code></a></small>
      <div class="hidden name"><code>probabilistic-sensitivity-analysis.Rmd</code></div>

    </div>

    
    
<div id="required-r-packages" class="section level1">
<h1 class="hasAnchor">
<a href="#required-r-packages" class="anchor"></a><span class="header-section-number">1</span> Required R-packages</h1>
<div class="sourceCode"><pre class="sourceCode r"><code class="sourceCode r"><span class="co">#install.packages("expm")</span>
<span class="co">#install.packages("hesim")</span>
<span class="co">#install.packages("data.table")</span>
<span class="kw"><a href="https://rdrr.io/r/base/library.html">library</a></span>(expm)
<span class="kw"><a href="https://rdrr.io/r/base/library.html">library</a></span>(hesim)
<span class="kw"><a href="https://rdrr.io/r/base/library.html">library</a></span>(data.table)

<span class="kw"><a href="https://rdrr.io/r/base/rm.html">rm</a></span>(<span class="dt">list=</span><span class="kw"><a href="https://rdrr.io/r/base/ls.html">ls</a></span>())</code></pre></div>
</div>
<div id="number-of-psa-simulations" class="section level1">
<h1 class="hasAnchor">
<a href="#number-of-psa-simulations" class="anchor"></a><span class="header-section-number">2</span> Number of PSA simulations</h1>
<div class="sourceCode"><pre class="sourceCode r"><code class="sourceCode r">PSA_samples  &lt;-<span class="st"> </span><span class="dv">100</span></code></pre></div>
</div>
<div id="create-psa-samples-for-transition-matrix-monotherapy-based-on-dirichlet-distribution-using-rdirichlet_mat-function-from-hesim-package" class="section level1">
<h1 class="hasAnchor">
<a href="#create-psa-samples-for-transition-matrix-monotherapy-based-on-dirichlet-distribution-using-rdirichlet_mat-function-from-hesim-package" class="anchor"></a><span class="header-section-number">3</span> Create PSA samples for transition matrix monotherapy based on Dirichlet distribution (using rdirichlet_mat function from hesim package)</h1>
<div class="sourceCode"><pre class="sourceCode r"><code class="sourceCode r">transitions_mono &lt;-<span class="st"> </span><span class="kw"><a href="https://rdrr.io/r/base/matrix.html">matrix</a></span>(<span class="kw"><a href="https://rdrr.io/r/base/c.html">c</a></span>(<span class="dv">1251</span>, <span class="dv">350</span>, <span class="dv">116</span>, <span class="dv">17</span>,
                             <span class="dv">0</span>, <span class="dv">731</span>, <span class="dv">512</span>, <span class="dv">15</span>,
                             <span class="dv">0</span>, <span class="dv">0</span>, <span class="dv">1312</span>, <span class="dv">437</span>,
                             <span class="dv">0</span>, <span class="dv">0</span>, <span class="dv">0</span>, <span class="dv">469</span>),
                             <span class="dt">nrow =</span> <span class="dv">4</span>, <span class="dt">byrow =</span> <span class="ot">TRUE</span>)
p_mono =<span class="st"> </span><span class="kw"><a href="https://rdrr.io/pkg/hesim/man/rdirichlet_mat.html">rdirichlet_mat</a></span>(<span class="dt">n=</span>PSA_samples,transitions_mono)
<span class="kw"><a href="https://rdrr.io/r/base/print.html">print</a></span>(p_mono[, , <span class="dv">1</span><span class="op">:</span>PSA_samples])</code></pre></div>
<pre><code>## , , 1
## 
##           [,1]      [,2]       [,3]        [,4]
## [1,] 0.7259669 0.2040416 0.06045281 0.009538683
## [2,] 0.0000000 0.5844589 0.40508050 0.010460635
## [3,] 0.0000000 0.0000000 0.74840013 0.251599869
## [4,] 0.0000000 0.0000000 0.00000000 1.000000000
## 
## , , 2
## 
##           [,1]      [,2]       [,3]        [,4]
## [1,] 0.7260076 0.1993091 0.06162274 0.013060534
## [2,] 0.0000000 0.5833619 0.40914943 0.007488661
## [3,] 0.0000000 0.0000000 0.75703700 0.242962998
## [4,] 0.0000000 0.0000000 0.00000000 1.000000000
## 
## , , 3
## 
##           [,1]      [,2]       [,3]        [,4]
## [1,] 0.7182539 0.2014057 0.07061803 0.009722415
## [2,] 0.0000000 0.5745540 0.41329027 0.012155768
## [3,] 0.0000000 0.0000000 0.75117241 0.248827587
## [4,] 0.0000000 0.0000000 0.00000000 1.000000000
## 
## , , 4
## 
##           [,1]      [,2]       [,3]        [,4]
## [1,] 0.7260566 0.2018346 0.06282277 0.009285992
## [2,] 0.0000000 0.5682906 0.42209202 0.009617355
## [3,] 0.0000000 0.0000000 0.73474654 0.265253457
## [4,] 0.0000000 0.0000000 0.00000000 1.000000000
## 
## , , 5
## 
##           [,1]      [,2]       [,3]        [,4]
## [1,] 0.7190655 0.2126896 0.06147835 0.006766578
## [2,] 0.0000000 0.5560791 0.42736219 0.016558678
## [3,] 0.0000000 0.0000000 0.73531021 0.264689786
## [4,] 0.0000000 0.0000000 0.00000000 1.000000000
## 
## , , 6
## 
##          [,1]      [,2]      [,3]       [,4]
## [1,] 0.730405 0.1924357 0.0652262 0.01193311
## [2,] 0.000000 0.5910221 0.3938922 0.01508567
## [3,] 0.000000 0.0000000 0.7498435 0.25015647
## [4,] 0.000000 0.0000000 0.0000000 1.00000000
## 
## , , 7
## 
##           [,1]      [,2]       [,3]        [,4]
## [1,] 0.7325522 0.1964141 0.06394833 0.007085363
## [2,] 0.0000000 0.5796339 0.41062712 0.009739014
## [3,] 0.0000000 0.0000000 0.74043890 0.259561103
## [4,] 0.0000000 0.0000000 0.00000000 1.000000000
## 
## , , 8
## 
##          [,1]      [,2]       [,3]        [,4]
## [1,] 0.735243 0.1844815 0.06936327 0.010912271
## [2,] 0.000000 0.5616900 0.42871600 0.009594009
## [3,] 0.000000 0.0000000 0.74246463 0.257535367
## [4,] 0.000000 0.0000000 0.00000000 1.000000000
## 
## , , 9
## 
##           [,1]      [,2]       [,3]        [,4]
## [1,] 0.7186386 0.2054861 0.06759761 0.008277678
## [2,] 0.0000000 0.5730116 0.41745744 0.009530960
## [3,] 0.0000000 0.0000000 0.74586793 0.254132074
## [4,] 0.0000000 0.0000000 0.00000000 1.000000000
## 
## , , 10
## 
##           [,1]      [,2]       [,3]       [,4]
## [1,] 0.7211292 0.2112452 0.05552387 0.01210179
## [2,] 0.0000000 0.5679423 0.42038526 0.01167244
## [3,] 0.0000000 0.0000000 0.75360041 0.24639959
## [4,] 0.0000000 0.0000000 0.00000000 1.00000000
## 
## , , 11
## 
##           [,1]      [,2]       [,3]       [,4]
## [1,] 0.7416646 0.1889907 0.05966453 0.00968016
## [2,] 0.0000000 0.5765448 0.41197369 0.01148153
## [3,] 0.0000000 0.0000000 0.75396790 0.24603210
## [4,] 0.0000000 0.0000000 0.00000000 1.00000000
## 
## , , 12
## 
##           [,1]      [,2]       [,3]       [,4]
## [1,] 0.7123563 0.2050517 0.07129224 0.01129978
## [2,] 0.0000000 0.5844799 0.40193645 0.01358360
## [3,] 0.0000000 0.0000000 0.74960790 0.25039210
## [4,] 0.0000000 0.0000000 0.00000000 1.00000000
## 
## , , 13
## 
##           [,1]      [,2]      [,3]        [,4]
## [1,] 0.7215838 0.1891924 0.0805044 0.008719417
## [2,] 0.0000000 0.6039796 0.3859941 0.010026268
## [3,] 0.0000000 0.0000000 0.7280940 0.271906004
## [4,] 0.0000000 0.0000000 0.0000000 1.000000000
## 
## , , 14
## 
##           [,1]      [,2]       [,3]        [,4]
## [1,] 0.7249781 0.2026872 0.06280581 0.009528887
## [2,] 0.0000000 0.5909803 0.39567926 0.013340482
## [3,] 0.0000000 0.0000000 0.77519532 0.224804679
## [4,] 0.0000000 0.0000000 0.00000000 1.000000000
## 
## , , 15
## 
##           [,1]      [,2]      [,3]        [,4]
## [1,] 0.7191467 0.2006275 0.0732879 0.006937935
## [2,] 0.0000000 0.5963936 0.3952131 0.008393221
## [3,] 0.0000000 0.0000000 0.7279659 0.272034112
## [4,] 0.0000000 0.0000000 0.0000000 1.000000000
## 
## , , 16
## 
##           [,1]      [,2]       [,3]        [,4]
## [1,] 0.7285338 0.1887614 0.07337104 0.009333781
## [2,] 0.0000000 0.5595792 0.42702735 0.013393429
## [3,] 0.0000000 0.0000000 0.75420797 0.245792026
## [4,] 0.0000000 0.0000000 0.00000000 1.000000000
## 
## , , 17
## 
##          [,1]      [,2]       [,3]       [,4]
## [1,] 0.707184 0.2119371 0.07033601 0.01054291
## [2,] 0.000000 0.5681591 0.41799932 0.01384157
## [3,] 0.000000 0.0000000 0.75808316 0.24191684
## [4,] 0.000000 0.0000000 0.00000000 1.00000000
## 
## , , 18
## 
##        [,1]      [,2]       [,3]        [,4]
## [1,] 0.7336 0.1827845 0.07630691 0.007308577
## [2,] 0.0000 0.5828330 0.40738673 0.009780231
## [3,] 0.0000 0.0000000 0.75434435 0.245655651
## [4,] 0.0000 0.0000000 0.00000000 1.000000000
## 
## , , 19
## 
##           [,1]      [,2]       [,3]        [,4]
## [1,] 0.7103431 0.2137937 0.06690594 0.008957223
## [2,] 0.0000000 0.5671413 0.42311252 0.009746210
## [3,] 0.0000000 0.0000000 0.75308428 0.246915717
## [4,] 0.0000000 0.0000000 0.00000000 1.000000000
## 
## , , 20
## 
##           [,1]      [,2]       [,3]        [,4]
## [1,] 0.7254038 0.1993786 0.06549889 0.009718682
## [2,] 0.0000000 0.5416355 0.44599295 0.012371533
## [3,] 0.0000000 0.0000000 0.71762467 0.282375331
## [4,] 0.0000000 0.0000000 0.00000000 1.000000000
## 
## , , 21
## 
##           [,1]      [,2]       [,3]       [,4]
## [1,] 0.7155234 0.2117938 0.05991878 0.01276408
## [2,] 0.0000000 0.5674592 0.42043715 0.01210370
## [3,] 0.0000000 0.0000000 0.73906512 0.26093488
## [4,] 0.0000000 0.0000000 0.00000000 1.00000000
## 
## , , 22
## 
##           [,1]      [,2]       [,3]        [,4]
## [1,] 0.7355226 0.1909713 0.06406272 0.009443362
## [2,] 0.0000000 0.5727985 0.41197905 0.015222443
## [3,] 0.0000000 0.0000000 0.75967415 0.240325848
## [4,] 0.0000000 0.0000000 0.00000000 1.000000000
## 
## , , 23
## 
##           [,1]      [,2]       [,3]        [,4]
## [1,] 0.7305768 0.1964874 0.06228155 0.010654233
## [2,] 0.0000000 0.5790295 0.41389295 0.007077533
## [3,] 0.0000000 0.0000000 0.76600152 0.233998484
## [4,] 0.0000000 0.0000000 0.00000000 1.000000000
## 
## , , 24
## 
##           [,1]      [,2]       [,3]       [,4]
## [1,] 0.7165096 0.2069061 0.06489303 0.01169127
## [2,] 0.0000000 0.5596231 0.42824989 0.01212706
## [3,] 0.0000000 0.0000000 0.74223679 0.25776321
## [4,] 0.0000000 0.0000000 0.00000000 1.00000000
## 
## , , 25
## 
##           [,1]      [,2]       [,3]        [,4]
## [1,] 0.7269532 0.1922437 0.07151913 0.009284031
## [2,] 0.0000000 0.6036308 0.38141735 0.014951813
## [3,] 0.0000000 0.0000000 0.73899118 0.261008818
## [4,] 0.0000000 0.0000000 0.00000000 1.000000000
## 
## , , 26
## 
##           [,1]      [,2]       [,3]        [,4]
## [1,] 0.7270138 0.1994664 0.06638696 0.007132849
## [2,] 0.0000000 0.6047427 0.38741894 0.007838398
## [3,] 0.0000000 0.0000000 0.75848100 0.241518998
## [4,] 0.0000000 0.0000000 0.00000000 1.000000000
## 
## , , 27
## 
##           [,1]      [,2]       [,3]       [,4]
## [1,] 0.7201915 0.1992409 0.06537504 0.01519251
## [2,] 0.0000000 0.5762428 0.40805212 0.01570505
## [3,] 0.0000000 0.0000000 0.74716833 0.25283167
## [4,] 0.0000000 0.0000000 0.00000000 1.00000000
## 
## , , 28
## 
##           [,1]      [,2]       [,3]        [,4]
## [1,] 0.7231195 0.1832306 0.08375565 0.009894205
## [2,] 0.0000000 0.5674467 0.42310567 0.009447633
## [3,] 0.0000000 0.0000000 0.76759738 0.232402623
## [4,] 0.0000000 0.0000000 0.00000000 1.000000000
## 
## , , 29
## 
##           [,1]      [,2]       [,3]        [,4]
## [1,] 0.7322357 0.1996939 0.05961824 0.008452199
## [2,] 0.0000000 0.5839479 0.40732291 0.008729228
## [3,] 0.0000000 0.0000000 0.74917112 0.250828878
## [4,] 0.0000000 0.0000000 0.00000000 1.000000000
## 
## , , 30
## 
##           [,1]      [,2]       [,3]        [,4]
## [1,] 0.7226162 0.1926613 0.07557947 0.009142975
## [2,] 0.0000000 0.5579781 0.43452204 0.007499811
## [3,] 0.0000000 0.0000000 0.74905746 0.250942542
## [4,] 0.0000000 0.0000000 0.00000000 1.000000000
## 
## , , 31
## 
##           [,1]      [,2]       [,3]       [,4]
## [1,] 0.7259845 0.1954999 0.06773501 0.01078054
## [2,] 0.0000000 0.5710749 0.41818691 0.01073814
## [3,] 0.0000000 0.0000000 0.74753931 0.25246069
## [4,] 0.0000000 0.0000000 0.00000000 1.00000000
## 
## , , 32
## 
##           [,1]      [,2]       [,3]        [,4]
## [1,] 0.7115661 0.2057001 0.07327556 0.009458252
## [2,] 0.0000000 0.5665862 0.42026336 0.013150449
## [3,] 0.0000000 0.0000000 0.75988388 0.240116117
## [4,] 0.0000000 0.0000000 0.00000000 1.000000000
## 
## , , 33
## 
##           [,1]      [,2]       [,3]        [,4]
## [1,] 0.7109582 0.2077386 0.06852276 0.012780377
## [2,] 0.0000000 0.5697738 0.42263942 0.007586755
## [3,] 0.0000000 0.0000000 0.76316925 0.236830749
## [4,] 0.0000000 0.0000000 0.00000000 1.000000000
## 
## , , 34
## 
##           [,1]      [,2]       [,3]        [,4]
## [1,] 0.7127744 0.2027699 0.07510491 0.009350773
## [2,] 0.0000000 0.5777525 0.40414376 0.018103754
## [3,] 0.0000000 0.0000000 0.76287975 0.237120248
## [4,] 0.0000000 0.0000000 0.00000000 1.000000000
## 
## , , 35
## 
##           [,1]      [,2]       [,3]        [,4]
## [1,] 0.7141477 0.2028806 0.07369584 0.009275846
## [2,] 0.0000000 0.5759560 0.41453174 0.009512263
## [3,] 0.0000000 0.0000000 0.74787936 0.252120644
## [4,] 0.0000000 0.0000000 0.00000000 1.000000000
## 
## , , 36
## 
##           [,1]      [,2]       [,3]        [,4]
## [1,] 0.7099705 0.2123830 0.07056591 0.007080659
## [2,] 0.0000000 0.5896204 0.39992038 0.010459218
## [3,] 0.0000000 0.0000000 0.74169408 0.258305917
## [4,] 0.0000000 0.0000000 0.00000000 1.000000000
## 
## , , 37
## 
##           [,1]      [,2]       [,3]        [,4]
## [1,] 0.6924516 0.2239741 0.07411508 0.009459295
## [2,] 0.0000000 0.5806309 0.40883142 0.010537653
## [3,] 0.0000000 0.0000000 0.74894948 0.251050520
## [4,] 0.0000000 0.0000000 0.00000000 1.000000000
## 
## , , 38
## 
##           [,1]      [,2]       [,3]        [,4]
## [1,] 0.7065008 0.2139214 0.06945527 0.010122478
## [2,] 0.0000000 0.5860647 0.40570067 0.008234621
## [3,] 0.0000000 0.0000000 0.75006779 0.249932211
## [4,] 0.0000000 0.0000000 0.00000000 1.000000000
## 
## , , 39
## 
##          [,1]      [,2]       [,3]        [,4]
## [1,] 0.714837 0.2034648 0.07237493 0.009323247
## [2,] 0.000000 0.5890625 0.40259208 0.008345418
## [3,] 0.000000 0.0000000 0.76207747 0.237922530
## [4,] 0.000000 0.0000000 0.00000000 1.000000000
## 
## , , 40
## 
##           [,1]      [,2]       [,3]        [,4]
## [1,] 0.7172727 0.1984488 0.07688427 0.007394208
## [2,] 0.0000000 0.5861253 0.40390456 0.009970108
## [3,] 0.0000000 0.0000000 0.75185309 0.248146910
## [4,] 0.0000000 0.0000000 0.00000000 1.000000000
## 
## , , 41
## 
##           [,1]      [,2]       [,3]        [,4]
## [1,] 0.7237725 0.2042530 0.06095353 0.011020962
## [2,] 0.0000000 0.5729184 0.42040278 0.006678814
## [3,] 0.0000000 0.0000000 0.76881421 0.231185789
## [4,] 0.0000000 0.0000000 0.00000000 1.000000000
## 
## , , 42
## 
##           [,1]      [,2]       [,3]        [,4]
## [1,] 0.7249501 0.2022289 0.06355831 0.009262702
## [2,] 0.0000000 0.5612775 0.42677887 0.011943622
## [3,] 0.0000000 0.0000000 0.73405783 0.265942166
## [4,] 0.0000000 0.0000000 0.00000000 1.000000000
## 
## , , 43
## 
##           [,1]      [,2]       [,3]        [,4]
## [1,] 0.7120038 0.2250572 0.05461552 0.008323507
## [2,] 0.0000000 0.5780201 0.41105522 0.010924708
## [3,] 0.0000000 0.0000000 0.75058557 0.249414435
## [4,] 0.0000000 0.0000000 0.00000000 1.000000000
## 
## , , 44
## 
##           [,1]      [,2]       [,3]        [,4]
## [1,] 0.7315437 0.1993707 0.05749633 0.011589313
## [2,] 0.0000000 0.5906605 0.39970164 0.009637837
## [3,] 0.0000000 0.0000000 0.74328910 0.256710902
## [4,] 0.0000000 0.0000000 0.00000000 1.000000000
## 
## , , 45
## 
##           [,1]      [,2]       [,3]        [,4]
## [1,] 0.7303409 0.1932631 0.06791046 0.008485472
## [2,] 0.0000000 0.5907857 0.40071821 0.008496107
## [3,] 0.0000000 0.0000000 0.74571666 0.254283336
## [4,] 0.0000000 0.0000000 0.00000000 1.000000000
## 
## , , 46
## 
##           [,1]      [,2]       [,3]       [,4]
## [1,] 0.7325891 0.1856786 0.06771399 0.01401831
## [2,] 0.0000000 0.5674072 0.41819280 0.01440005
## [3,] 0.0000000 0.0000000 0.76847343 0.23152657
## [4,] 0.0000000 0.0000000 0.00000000 1.00000000
## 
## , , 47
## 
##           [,1]      [,2]       [,3]        [,4]
## [1,] 0.7097089 0.2079847 0.06820112 0.014105320
## [2,] 0.0000000 0.5680864 0.42401634 0.007897282
## [3,] 0.0000000 0.0000000 0.74044200 0.259557999
## [4,] 0.0000000 0.0000000 0.00000000 1.000000000
## 
## , , 48
## 
##          [,1]      [,2]       [,3]       [,4]
## [1,] 0.712543 0.2160296 0.06111543 0.01031202
## [2,] 0.000000 0.5746268 0.40843484 0.01693839
## [3,] 0.000000 0.0000000 0.74076932 0.25923068
## [4,] 0.000000 0.0000000 0.00000000 1.00000000
## 
## , , 49
## 
##           [,1]      [,2]       [,3]        [,4]
## [1,] 0.7251972 0.1926748 0.06710463 0.015023356
## [2,] 0.0000000 0.5975670 0.39406740 0.008365555
## [3,] 0.0000000 0.0000000 0.75460404 0.245395956
## [4,] 0.0000000 0.0000000 0.00000000 1.000000000
## 
## , , 50
## 
##           [,1]      [,2]      [,3]        [,4]
## [1,] 0.7338349 0.1959804 0.0609370 0.009247658
## [2,] 0.0000000 0.5806804 0.4109487 0.008370853
## [3,] 0.0000000 0.0000000 0.7418391 0.258160854
## [4,] 0.0000000 0.0000000 0.0000000 1.000000000
## 
## , , 51
## 
##           [,1]      [,2]       [,3]        [,4]
## [1,] 0.7268212 0.1960730 0.06842018 0.008685643
## [2,] 0.0000000 0.5649373 0.42015475 0.014907988
## [3,] 0.0000000 0.0000000 0.74100487 0.258995134
## [4,] 0.0000000 0.0000000 0.00000000 1.000000000
## 
## , , 52
## 
##           [,1]      [,2]       [,3]        [,4]
## [1,] 0.7264546 0.2002825 0.06273484 0.010528050
## [2,] 0.0000000 0.5984197 0.39485845 0.006721824
## [3,] 0.0000000 0.0000000 0.73907221 0.260927792
## [4,] 0.0000000 0.0000000 0.00000000 1.000000000
## 
## , , 53
## 
##          [,1]      [,2]       [,3]        [,4]
## [1,] 0.720544 0.2054252 0.06600484 0.008026023
## [2,] 0.000000 0.5923043 0.39200243 0.015693279
## [3,] 0.000000 0.0000000 0.74626323 0.253736771
## [4,] 0.000000 0.0000000 0.00000000 1.000000000
## 
## , , 54
## 
##           [,1]      [,2]       [,3]        [,4]
## [1,] 0.7221141 0.2018631 0.06711348 0.008909313
## [2,] 0.0000000 0.5806400 0.40769742 0.011662575
## [3,] 0.0000000 0.0000000 0.75045660 0.249543405
## [4,] 0.0000000 0.0000000 0.00000000 1.000000000
## 
## , , 55
## 
##           [,1]      [,2]       [,3]        [,4]
## [1,] 0.7297038 0.1921670 0.07086109 0.007268129
## [2,] 0.0000000 0.5866476 0.40002918 0.013323192
## [3,] 0.0000000 0.0000000 0.75891354 0.241086457
## [4,] 0.0000000 0.0000000 0.00000000 1.000000000
## 
## , , 56
## 
##           [,1]      [,2]       [,3]        [,4]
## [1,] 0.7379826 0.1883729 0.06437998 0.009264444
## [2,] 0.0000000 0.5980135 0.39486742 0.007119046
## [3,] 0.0000000 0.0000000 0.74175873 0.258241265
## [4,] 0.0000000 0.0000000 0.00000000 1.000000000
## 
## , , 57
## 
##          [,1]      [,2]       [,3]       [,4]
## [1,] 0.723829 0.1863510 0.07868962 0.01113040
## [2,] 0.000000 0.5912098 0.39754220 0.01124801
## [3,] 0.000000 0.0000000 0.75809710 0.24190290
## [4,] 0.000000 0.0000000 0.00000000 1.00000000
## 
## , , 58
## 
##           [,1]      [,2]       [,3]        [,4]
## [1,] 0.7423614 0.1865596 0.06334611 0.007732931
## [2,] 0.0000000 0.5999800 0.39155749 0.008462457
## [3,] 0.0000000 0.0000000 0.74940212 0.250597879
## [4,] 0.0000000 0.0000000 0.00000000 1.000000000
## 
## , , 59
## 
##           [,1]      [,2]       [,3]       [,4]
## [1,] 0.7024847 0.2080780 0.07923438 0.01020291
## [2,] 0.0000000 0.5969076 0.38898362 0.01410882
## [3,] 0.0000000 0.0000000 0.74928648 0.25071352
## [4,] 0.0000000 0.0000000 0.00000000 1.00000000
## 
## , , 60
## 
##           [,1]      [,2]       [,3]        [,4]
## [1,] 0.7282307 0.1960888 0.06628239 0.009398024
## [2,] 0.0000000 0.5664633 0.41700302 0.016533651
## [3,] 0.0000000 0.0000000 0.75498622 0.245013776
## [4,] 0.0000000 0.0000000 0.00000000 1.000000000
## 
## , , 61
## 
##           [,1]      [,2]       [,3]        [,4]
## [1,] 0.7464183 0.1849796 0.05910419 0.009497896
## [2,] 0.0000000 0.5959318 0.39830813 0.005760035
## [3,] 0.0000000 0.0000000 0.73554777 0.264452230
## [4,] 0.0000000 0.0000000 0.00000000 1.000000000
## 
## , , 62
## 
##          [,1]      [,2]       [,3]        [,4]
## [1,] 0.703481 0.2074109 0.07769361 0.011414444
## [2,] 0.000000 0.5930826 0.39958791 0.007329485
## [3,] 0.000000 0.0000000 0.75229439 0.247705607
## [4,] 0.000000 0.0000000 0.00000000 1.000000000
## 
## , , 63
## 
##           [,1]      [,2]       [,3]        [,4]
## [1,] 0.7034083 0.2026745 0.08243998 0.011477281
## [2,] 0.0000000 0.6099015 0.38198232 0.008116155
## [3,] 0.0000000 0.0000000 0.74561682 0.254383179
## [4,] 0.0000000 0.0000000 0.00000000 1.000000000
## 
## , , 64
## 
##           [,1]      [,2]       [,3]       [,4]
## [1,] 0.7099549 0.2022805 0.07579442 0.01197025
## [2,] 0.0000000 0.5747253 0.40796229 0.01731237
## [3,] 0.0000000 0.0000000 0.75669180 0.24330820
## [4,] 0.0000000 0.0000000 0.00000000 1.00000000
## 
## , , 65
## 
##           [,1]      [,2]       [,3]        [,4]
## [1,] 0.7223651 0.2020182 0.06790941 0.007707324
## [2,] 0.0000000 0.5924293 0.39446350 0.013107215
## [3,] 0.0000000 0.0000000 0.74128211 0.258717893
## [4,] 0.0000000 0.0000000 0.00000000 1.000000000
## 
## , , 66
## 
##           [,1]      [,2]       [,3]        [,4]
## [1,] 0.7388346 0.1925892 0.06131967 0.007256469
## [2,] 0.0000000 0.6029821 0.38845671 0.008561207
## [3,] 0.0000000 0.0000000 0.76353471 0.236465288
## [4,] 0.0000000 0.0000000 0.00000000 1.000000000
## 
## , , 67
## 
##          [,1]      [,2]       [,3]        [,4]
## [1,] 0.711966 0.2089799 0.07083545 0.008218671
## [2,] 0.000000 0.5952432 0.39279097 0.011965784
## [3,] 0.000000 0.0000000 0.75813396 0.241866038
## [4,] 0.000000 0.0000000 0.00000000 1.000000000
## 
## , , 68
## 
##           [,1]      [,2]      [,3]       [,4]
## [1,] 0.7327794 0.1879012 0.0672761 0.01204332
## [2,] 0.0000000 0.5970902 0.3917467 0.01116304
## [3,] 0.0000000 0.0000000 0.7426669 0.25733312
## [4,] 0.0000000 0.0000000 0.0000000 1.00000000
## 
## , , 69
## 
##           [,1]      [,2]       [,3]       [,4]
## [1,] 0.7236042 0.1979524 0.06585832 0.01258509
## [2,] 0.0000000 0.5896480 0.39426172 0.01609031
## [3,] 0.0000000 0.0000000 0.74868085 0.25131915
## [4,] 0.0000000 0.0000000 0.00000000 1.00000000
## 
## , , 70
## 
##          [,1]      [,2]       [,3]        [,4]
## [1,] 0.714976 0.2193074 0.05744402 0.008272618
## [2,] 0.000000 0.6006390 0.39197171 0.007389262
## [3,] 0.000000 0.0000000 0.75151341 0.248486592
## [4,] 0.000000 0.0000000 0.00000000 1.000000000
## 
## , , 71
## 
##           [,1]      [,2]       [,3]       [,4]
## [1,] 0.7330891 0.1815704 0.07342423 0.01191633
## [2,] 0.0000000 0.5530289 0.43447459 0.01249650
## [3,] 0.0000000 0.0000000 0.75485559 0.24514441
## [4,] 0.0000000 0.0000000 0.00000000 1.00000000
## 
## , , 72
## 
##          [,1]      [,2]       [,3]        [,4]
## [1,] 0.725527 0.2054771 0.06101597 0.007979975
## [2,] 0.000000 0.5602030 0.42705717 0.012739830
## [3,] 0.000000 0.0000000 0.75190277 0.248097226
## [4,] 0.000000 0.0000000 0.00000000 1.000000000
## 
## , , 73
## 
##           [,1]      [,2]       [,3]       [,4]
## [1,] 0.7167838 0.2025342 0.06264268 0.01803940
## [2,] 0.0000000 0.5772372 0.41216797 0.01059487
## [3,] 0.0000000 0.0000000 0.75487281 0.24512719
## [4,] 0.0000000 0.0000000 0.00000000 1.00000000
## 
## , , 74
## 
##           [,1]      [,2]       [,3]        [,4]
## [1,] 0.7218247 0.1992643 0.07217312 0.006737847
## [2,] 0.0000000 0.5680936 0.42127516 0.010631263
## [3,] 0.0000000 0.0000000 0.74464343 0.255356569
## [4,] 0.0000000 0.0000000 0.00000000 1.000000000
## 
## , , 75
## 
##           [,1]      [,2]       [,3]       [,4]
## [1,] 0.7223481 0.1998119 0.06727006 0.01057003
## [2,] 0.0000000 0.5696969 0.41667650 0.01362655
## [3,] 0.0000000 0.0000000 0.74899263 0.25100737
## [4,] 0.0000000 0.0000000 0.00000000 1.00000000
## 
## , , 76
## 
##           [,1]      [,2]       [,3]       [,4]
## [1,] 0.7290975 0.1928493 0.06700401 0.01104920
## [2,] 0.0000000 0.5642418 0.42351401 0.01224423
## [3,] 0.0000000 0.0000000 0.75072408 0.24927592
## [4,] 0.0000000 0.0000000 0.00000000 1.00000000
## 
## , , 77
## 
##           [,1]      [,2]      [,3]        [,4]
## [1,] 0.7270553 0.1978498 0.0663324 0.008762525
## [2,] 0.0000000 0.5873819 0.4035257 0.009092379
## [3,] 0.0000000 0.0000000 0.7306338 0.269366235
## [4,] 0.0000000 0.0000000 0.0000000 1.000000000
## 
## , , 78
## 
##           [,1]      [,2]      [,3]        [,4]
## [1,] 0.7220775 0.2103774 0.0598073 0.007737843
## [2,] 0.0000000 0.5985836 0.3888633 0.012553104
## [3,] 0.0000000 0.0000000 0.7532506 0.246749356
## [4,] 0.0000000 0.0000000 0.0000000 1.000000000
## 
## , , 79
## 
##           [,1]      [,2]       [,3]        [,4]
## [1,] 0.7058801 0.2150702 0.06985664 0.009193056
## [2,] 0.0000000 0.5674306 0.41885644 0.013712953
## [3,] 0.0000000 0.0000000 0.74984511 0.250154886
## [4,] 0.0000000 0.0000000 0.00000000 1.000000000
## 
## , , 80
## 
##           [,1]      [,2]       [,3]        [,4]
## [1,] 0.7261596 0.2055977 0.06074775 0.007494944
## [2,] 0.0000000 0.5839158 0.40451713 0.011567082
## [3,] 0.0000000 0.0000000 0.74400361 0.255996394
## [4,] 0.0000000 0.0000000 0.00000000 1.000000000
## 
## , , 81
## 
##           [,1]      [,2]       [,3]       [,4]
## [1,] 0.7283524 0.1829759 0.07520388 0.01346776
## [2,] 0.0000000 0.5812576 0.40673954 0.01200285
## [3,] 0.0000000 0.0000000 0.74837949 0.25162051
## [4,] 0.0000000 0.0000000 0.00000000 1.00000000
## 
## , , 82
## 
##           [,1]      [,2]       [,3]       [,4]
## [1,] 0.6998578 0.2310335 0.05892598 0.01018267
## [2,] 0.0000000 0.5929804 0.39408138 0.01293818
## [3,] 0.0000000 0.0000000 0.73525835 0.26474165
## [4,] 0.0000000 0.0000000 0.00000000 1.00000000
## 
## , , 83
## 
##           [,1]      [,2]       [,3]       [,4]
## [1,] 0.7057426 0.2108536 0.06764804 0.01575580
## [2,] 0.0000000 0.5830985 0.40257562 0.01432589
## [3,] 0.0000000 0.0000000 0.76038130 0.23961870
## [4,] 0.0000000 0.0000000 0.00000000 1.00000000
## 
## , , 84
## 
##           [,1]      [,2]      [,3]       [,4]
## [1,] 0.7350513 0.1870647 0.0657994 0.01208456
## [2,] 0.0000000 0.5727563 0.4133698 0.01387389
## [3,] 0.0000000 0.0000000 0.7526394 0.24736060
## [4,] 0.0000000 0.0000000 0.0000000 1.00000000
## 
## , , 85
## 
##           [,1]      [,2]       [,3]       [,4]
## [1,] 0.6980818 0.2136832 0.07501013 0.01322487
## [2,] 0.0000000 0.5727697 0.41393093 0.01329939
## [3,] 0.0000000 0.0000000 0.74691628 0.25308372
## [4,] 0.0000000 0.0000000 0.00000000 1.00000000
## 
## , , 86
## 
##          [,1]      [,2]       [,3]        [,4]
## [1,] 0.715924 0.2091815 0.06602637 0.008868089
## [2,] 0.000000 0.5976102 0.39300235 0.009387435
## [3,] 0.000000 0.0000000 0.75293189 0.247068113
## [4,] 0.000000 0.0000000 0.00000000 1.000000000
## 
## , , 87
## 
##           [,1]      [,2]       [,3]       [,4]
## [1,] 0.7223619 0.1917578 0.07459851 0.01128179
## [2,] 0.0000000 0.6212152 0.36851509 0.01026974
## [3,] 0.0000000 0.0000000 0.75475646 0.24524354
## [4,] 0.0000000 0.0000000 0.00000000 1.00000000
## 
## , , 88
## 
##           [,1]      [,2]       [,3]        [,4]
## [1,] 0.7226909 0.1987913 0.06574876 0.012769044
## [2,] 0.0000000 0.5797710 0.41087627 0.009352765
## [3,] 0.0000000 0.0000000 0.73085329 0.269146713
## [4,] 0.0000000 0.0000000 0.00000000 1.000000000
## 
## , , 89
## 
##           [,1]      [,2]       [,3]       [,4]
## [1,] 0.7263821 0.1975468 0.06343262 0.01263854
## [2,] 0.0000000 0.5711468 0.41486803 0.01398515
## [3,] 0.0000000 0.0000000 0.76612919 0.23387081
## [4,] 0.0000000 0.0000000 0.00000000 1.00000000
## 
## , , 90
## 
##           [,1]      [,2]       [,3]      [,4]
## [1,] 0.7150931 0.1988186 0.07425879 0.0118295
## [2,] 0.0000000 0.5800197 0.40606477 0.0139155
## [3,] 0.0000000 0.0000000 0.76652254 0.2334775
## [4,] 0.0000000 0.0000000 0.00000000 1.0000000
## 
## , , 91
## 
##           [,1]      [,2]       [,3]        [,4]
## [1,] 0.7301823 0.1941802 0.06683615 0.008801386
## [2,] 0.0000000 0.5721450 0.41409400 0.013761025
## [3,] 0.0000000 0.0000000 0.75647118 0.243528824
## [4,] 0.0000000 0.0000000 0.00000000 1.000000000
## 
## , , 92
## 
##           [,1]      [,2]       [,3]       [,4]
## [1,] 0.7165678 0.2192350 0.05249346 0.01170377
## [2,] 0.0000000 0.5874295 0.39917373 0.01339678
## [3,] 0.0000000 0.0000000 0.74738706 0.25261294
## [4,] 0.0000000 0.0000000 0.00000000 1.00000000
## 
## , , 93
## 
##          [,1]      [,2]       [,3]        [,4]
## [1,] 0.712904 0.2099732 0.06961528 0.007507535
## [2,] 0.000000 0.5748939 0.40973836 0.015367781
## [3,] 0.000000 0.0000000 0.74000403 0.259995973
## [4,] 0.000000 0.0000000 0.00000000 1.000000000
## 
## , , 94
## 
##           [,1]     [,2]       [,3]       [,4]
## [1,] 0.6987545 0.214556 0.07737255 0.00931694
## [2,] 0.0000000 0.611535 0.37674127 0.01172369
## [3,] 0.0000000 0.000000 0.75316093 0.24683907
## [4,] 0.0000000 0.000000 0.00000000 1.00000000
## 
## , , 95
## 
##           [,1]      [,2]       [,3]        [,4]
## [1,] 0.7472177 0.1888415 0.05919481 0.004745995
## [2,] 0.0000000 0.5682019 0.41159661 0.020201451
## [3,] 0.0000000 0.0000000 0.74805894 0.251941055
## [4,] 0.0000000 0.0000000 0.00000000 1.000000000
## 
## , , 96
## 
##           [,1]      [,2]       [,3]        [,4]
## [1,] 0.7147406 0.2077787 0.06906649 0.008414142
## [2,] 0.0000000 0.5565702 0.43671556 0.006714281
## [3,] 0.0000000 0.0000000 0.76783663 0.232163365
## [4,] 0.0000000 0.0000000 0.00000000 1.000000000
## 
## , , 97
## 
##           [,1]      [,2]       [,3]       [,4]
## [1,] 0.7333705 0.1870151 0.06968127 0.00993316
## [2,] 0.0000000 0.5743291 0.41015720 0.01551366
## [3,] 0.0000000 0.0000000 0.75972643 0.24027357
## [4,] 0.0000000 0.0000000 0.00000000 1.00000000
## 
## , , 98
## 
##           [,1]      [,2]       [,3]        [,4]
## [1,] 0.7169825 0.2072306 0.06530134 0.010485584
## [2,] 0.0000000 0.5710636 0.41904376 0.009892606
## [3,] 0.0000000 0.0000000 0.75763015 0.242369850
## [4,] 0.0000000 0.0000000 0.00000000 1.000000000
## 
## , , 99
## 
##           [,1]      [,2]       [,3]        [,4]
## [1,] 0.7383359 0.1822508 0.07022477 0.009188505
## [2,] 0.0000000 0.6145669 0.36713911 0.018293939
## [3,] 0.0000000 0.0000000 0.73172930 0.268270695
## [4,] 0.0000000 0.0000000 0.00000000 1.000000000
## 
## , , 100
## 
##           [,1]      [,2]       [,3]       [,4]
## [1,] 0.7327807 0.1987464 0.05772746 0.01074547
## [2,] 0.0000000 0.5732932 0.41023234 0.01647441
## [3,] 0.0000000 0.0000000 0.76159672 0.23840328
## [4,] 0.0000000 0.0000000 0.00000000 1.00000000</code></pre>
</div>
<div id="create-psa-samples-for-relative-risk-according-to-normal-distribution-of-log-transformed-relative-risk" class="section level1">
<h1 class="hasAnchor">
<a href="#create-psa-samples-for-relative-risk-according-to-normal-distribution-of-log-transformed-relative-risk" class="anchor"></a><span class="header-section-number">4</span> Create PSA samples for relative risk according to normal distribution of log-transformed relative risk</h1>
<div class="sourceCode"><pre class="sourceCode r"><code class="sourceCode r">RR&lt;-<span class="fl">0.509</span>
RR_low&lt;-<span class="fl">0.365</span>
RR_high&lt;-<span class="fl">0.710</span>

RR_combi &lt;-<span class="st"> </span><span class="kw"><a href="https://rdrr.io/r/base/Log.html">exp</a></span>( <span class="kw"><a href="https://rdrr.io/r/stats/Normal.html">rnorm</a></span>(PSA_samples, <span class="kw"><a href="https://rdrr.io/r/base/Log.html">log</a></span>(RR), (<span class="kw"><a href="https://rdrr.io/r/base/Log.html">log</a></span>(RR_high)<span class="op">-</span><span class="kw"><a href="https://rdrr.io/r/base/Log.html">log</a></span>(RR_low))<span class="op">/</span><span class="fl">3.92</span> )   )
RR_combi</code></pre></div>
<pre><code>##   [1] 0.6839295 0.2971792 0.5451133 0.6514697 0.4475473 0.5077600 0.4604083
##   [8] 0.6291315 0.6971267 0.4220026 0.3951455 0.6521804 0.5255483 0.4522386
##  [15] 0.5523106 0.5868207 0.5005236 0.5867816 0.5153504 0.7049831 0.3520149
##  [22] 0.3979845 0.4836431 0.5093869 0.7477877 0.3236595 0.4405013 0.4614587
##  [29] 0.5560054 0.4766347 0.4907978 0.6994742 0.6540085 0.3895555 0.4863551
##  [36] 0.5267336 0.6799950 0.4018987 0.6565877 0.3470494 0.4974832 0.5330961
##  [43] 0.4449377 0.4797284 0.5432949 0.3950667 0.5513590 0.5671037 0.3782631
##  [50] 0.5229332 0.5698164 0.6219846 0.4797805 0.5211680 0.4722589 0.5205877
##  [57] 0.4460525 0.4618822 0.5539362 0.5437003 0.6104439 0.5551712 0.6614128
##  [64] 0.4482237 0.4979767 0.5066534 0.5303445 0.5706223 0.4862362 0.4738492
##  [71] 0.3970531 0.6344537 0.5333824 0.5703466 0.4317626 0.4589883 0.3855878
##  [78] 0.5491427 0.5390044 0.6608764 0.6096345 0.5250131 0.5925102 0.4267168
##  [85] 0.5330759 0.5970191 0.3979966 0.6001609 0.6059665 0.4889452 0.6155644
##  [92] 0.5325666 0.5640457 0.4111746 0.5400424 0.5225582 0.5279956 0.6025252
##  [99] 0.4381978 0.4311243</code></pre>
</div>
<div id="create-psa-samples-for-transition-matrix-for-combination-therapy" class="section level1">
<h1 class="hasAnchor">
<a href="#create-psa-samples-for-transition-matrix-for-combination-therapy" class="anchor"></a><span class="header-section-number">5</span> Create PSA samples for transition matrix for combination therapy</h1>
<div class="sourceCode"><pre class="sourceCode r"><code class="sourceCode r">p_combi &lt;-<span class="st"> </span><span class="kw"><a href="https://rdrr.io/r/base/array.html">array</a></span>(<span class="ot">NA</span>, <span class="dt">dim =</span> <span class="kw"><a href="https://rdrr.io/r/base/c.html">c</a></span>(<span class="dv">4</span>, <span class="dv">4</span>, PSA_samples))
<span class="cf">for</span> (i <span class="cf">in</span> <span class="dv">1</span><span class="op">:</span>PSA_samples){ 
p_combi[,,i] &lt;-<span class="st"> </span><span class="kw"><a href="https://rdrr.io/r/base/matrix.html">matrix</a></span>(<span class="kw"><a href="https://rdrr.io/r/base/c.html">c</a></span>((<span class="dv">1</span><span class="op">-</span>p_mono[<span class="dv">1</span>,<span class="dv">2</span>,i]<span class="op">*</span>RR_combi[i]<span class="op">-</span>p_mono[<span class="dv">1</span>,<span class="dv">3</span>,i]<span class="op">*</span>RR_combi[i]<span class="op">-</span>p_mono[<span class="dv">1</span>,<span class="dv">4</span>,i]<span class="op">*</span>RR_combi[i]), p_mono[<span class="dv">1</span>,<span class="dv">2</span>,i]<span class="op">*</span>RR_combi[i], p_mono[<span class="dv">1</span>,<span class="dv">3</span>,i]<span class="op">*</span>RR_combi[i], p_mono[<span class="dv">1</span>,<span class="dv">4</span>,i]<span class="op">*</span>RR_combi[i],
